23.9641
8.103
1.5616
29.4344
7.5308
14.4162
1.9639
12.8761
14.6702
10.0456
13.2609
22.0459
-4.0412
12.0556
-9.912
10.2841
29.3052
19.4114
9.9308
6.6176
15.2827
20.569
10.1474
26.1476
1.8415
-9.9776
2.5181
8.007
6.2724
1.5263
23.3724
-6.1632
5.0818
0.30698
5.2589
3.3384
14.7837
-0.41058
1.7934
11.0113
20.8398
-8.5453
27.9975
1.2163
16.4773
20.4957
23.2309
4.8264
10.2431
8.3763
3.9434
12.7171
13.5864
6.4768
11.3236
36.7358
9.9243
17.103
5.3746
4.7212
6.5421
15.6456
1.9846
-8.5295
10.5322
5.6358
12.8001
10.8461
17.2912
19.0075
-3.2564
-5.2458
15.0243
13.0639
0.6084
22.374
10.3301
11.2357
12.7394
17.5417
25.245
7.3802
-7.3068
20.1346
0.72264
22.4368
4.1051
24.9148
1.9402
-1.126
19.5694
-3.6305
16.8058
14.3782
8.5673
6.5847
30.5781
6.2546
8.098
0.61268
